joinServer 8002
joinServer 8003
joinServer 8004
joinServer 8005
joinServer 8006
joinClient 8021 8002
joinClient 8031 8003
joinClient 8041 8004
joinClient 8051 8005
joinClient 8061 8006
put 8021 1 20
put 8031 1 30
put 8041 1 40
put 8051 1 50
put 8061 1 60
put 8021 2 20
put 8031 3 30
put 8041 4 40
put 8051 5 50
put 8061 6 60
put 8021 1 20
put 8031 1 30
put 8041 1 40
put 8051 1 50
put 8061 1 60
put 8021 2 20
put 8031 3 30
put 8041 4 40
put 8051 5 50
put 8061 6 60
put 8021 1 20
put 8031 1 30
put 8041 1 40
put 8051 1 50
put 8061 1 60
put 8021 2 20
put 8031 3 30
put 8041 4 40
put 8051 5 50
put 8061 6 60
put 8021 1 20
put 8031 1 30
put 8041 1 40
put 8051 1 50
put 8061 1 60
put 8021 2 20
put 8031 3 30
put 8041 4 40
put 8051 5 50
put 8061 6 60
stabilize
get 8021 1
get 8031 1
get 8041 1
get 8051 1
get 8061 1
get 8021 2
get 8031 2
get 8041 2
get 8051 2
get 8061 2
get 8021 3
get 8031 3
get 8041 3
get 8051 3
get 8061 3
get 8021 4
get 8031 4
get 8041 4
get 8051 4
get 8061 4
get 8021 5
get 8031 5
get 8041 5
get 8051 5
get 8061 5
get 8021 6
get 8031 6
get 8041 6
get 8051 6
get 8061 6
get 8021 1
get 8031 1
get 8041 1
get 8051 1
get 8061 1
